-25.3 12.4
-63.0 -54.6
58.4 57.5
81.8 3.3
93.4 88.2
16.9 16.4
91.7 13.4
8.9 -67.9
15.9 90.9
-96.3 82.7
-94.7 76.5
-96.4 47.5
32.8 65.2
-46.8 94.6
94.0 -86.0
77.0 -99.0
26.7 95.0
-23.5 20.0
79.3 30.8
-78.2 -35.4
73.8 -57.6
64.9 -90.2
-32.6 -59.4
-77.9 -0.4
93.3 73.0
69.6 71.0
46.1 31.4
45.7 -86.3
80.8 0.8
-50.6 31.1
-67.1 -50.1
35.7 89.4
-60.6 -72.6
-1.8 -27.3
-49.5 94.4
-75.1 99.8
38.7 17.2
-78.8 -8.9
18.9 13.7
-62.7 28.4
19.1 -42.0
-85.8 -49.3
-7.6 -60.6
35.2 90.7
-50.1 -54.6
-1.1 -53.5
73.8 96.7
67.2 -18.5
41.9 -47.5
38.8 -77.4
49.7 15.6
-32.2 30.3
-19.6 45.4
-84.4 -4.6
23.0 72.9
31.0 -69.9
-85.0 -63.6
59.3 -34.5
-53.4 -74.3
45.2 68.5
14.0 0.2
41.1 -87.2
52.0 -94.0
14.4 -40.9
-62.3 -33.0
53.9 -22.8
56.1 79.0
7.8 74.4
6.8 51.5
86.7 -43.8
96.8 -68.9
72.3 35.0
-56.0 -72.6
-91.4 -69.9
-29.0 14.6
22.4 -93.3
88.3 -37.1
61.0 83.2
1.5 -2.4
-86.0 -49.3
25.8 -72.9
94.7 35.4
20.1 -18.0
-38.7 33.1
36.6 -27.5
-82.7 94.0
-32.8 97.7
48.4 -79.1
50.6 -73.3
90.6 96.0
11.5 -79.7
-71.1 13.7
-94.8 5.9
82.2 -69.1
61.9 -96.5
79.6 -59.1
32.8 95.6
24.4 -98.4
80.2 -3.7
43.1 -95.6